296102
663524
717295
144926
89265
422317
120051
471509
801169
698738
57050
527431
386969
340476
588480
226572
191402
969253
127664
886175
564247
655153
775893
3690
92272
895817
760217
189914
282799
724321
258363
218887
295081
935255
936603
2652
315033
240408
205133
778755
65008
443153
841352
149849
851921
513393
70689
691754
427733
321821
876136
757601
619391
793088
752929
279115
177162
856168
974461
444814
855079
41701
354309
437399
689359
393046
679496
186702
475986
8051
13395
53122
458240
647394
588121
171712
170709
745848
241
824343
98285
290908
17475
841947
339290
595729
737964
248379
57313
492142
483624
120612
796046
591845
218914
804195
887921
990026
636463
490430
814598
384647
888536
35747
749157
450600
604882
941980
612086
366118
577201
381370
2590
191764
180664
753035
386370
452922
408735
314917
896915
437609
744185
692513
156888
81101
338885
294149
649875
547761
965553
47615
440815
492217
971156
235008
706445
292436
248828
136967
331150
396748
33184
372005
186861
978445
851100
252276
457212
36973
433878
570472
737955
714178
283007
348572
33767
263577
551509
13616
800429
340677
233331
513444
989503
778638
848058
277222
354632
656133
725063
13117
526288
510685
67165
834268
877016
48644
786259
179718
70639
567286
132248
592721
34788
235596
291262
214198
247414
276121
206035
427005
53029
191569
281398
592333
114374
739661
660419
462748
851625
352935
715470
769032
881731
200748
24883
280506
195364
987007
743197
474664
644166
298814
504531
496074
978370
665040
576405
628335
938600
723621
184076
621878
484463
874216
604343
653088
633900
799736
449152
198067
792674
603715
113784
562099
504908
939710
106516
870845
357919
589631
771301
139783
23825
727130
987977
780723
711507
426304
809472
750096
862059
103153
803187
975903
78011
147590
330973
951042
368803
658395
630356
543264
219408
842412
824894
151040
613435
476761
440516
891502
113587
237379
172696
388372
484138
641853
657667
683355
39833
645095
926208
483477
155504
439675
83965
660208
150143
411938
55569
14607
35478
427867
317312
458541
799778
9658
552557
352117
221070
345219
537438
235354
575993
252725
433756
279489
447890
165301
834282
72652
667164
409454
877028
105433
711160
271295
844462
103919
227468
983490
187587
766727
265590
83590
990285
375382
141206
523647
502975
389066
231272
308327
984526
980800
866741
340993
702181
76918
218084
650992
519534
209608
830209
339036
970963
111948
870355
363995
630395
474442
315638
89164
951219
168823
36763
834559
29611
646129
605491
965839
817017
898827
472679
794946
299945
973409
511783
578809
966761
142593
826240
329773
436680
915559
331547
877430
512726
12014
235885
861601
544530
748188
937232
286466
987910
401443
382227
204205
572968
193904
183242
291073
628598
91651
421995
316224
931647
508656
571436
135
918741
859434
387545
819439
454272
645711
446093
661680
671563
671615
19479
588865
463472
14263
745521
711176
552986
241460
381703
152783
309414
995542
218711
329597
104635
743928
913263
291975
467325
537246
225784
218236
297154
830722
139721
836333
474506
299170
171138
316158
756233
518416
300515
431356
960281
924760
228761
472043
403743
598464
309582
331767
962994
268286
402568
950637
765894
694701
569750
65719
620872
657516
136592
791454
810978
917898
909626
724889
670987
462848
878836
426749
340589
152664
926703
933019
376384
70462
869274
143664
608655
956934
842726
106351
306915
637120
938044
277298
825479
109627
156977
966498
193248
507693
681722
868345
152420
415825
574237
406624
669573
773269
430005
362008
849550
821662
56802
869869
9626
342902
235094
188449
377560
622125
126693
657463
60997
587457
718281
7075
221251
795126
909523
308327
147255
844232
881605
583073
20172
209168
390274
683236
820186
944219
637102
488192
65550
437272
745248
107471
317008
89068
405980
634425
839493
494651
857897
657763
374837
464712
14901
176299
581363
224362
824326
586927
500522
448786
877350
545659
585707
487608
898404
678455
996075
181684
532189
810423
720833
278361
510849
610607
125020
517861
400365
384050
439791
552980
101991
987546
515071
257361
271321
412942
436891
559086
812737
200274
868069
279816
109578
423269
769544
638581
25353
8715
337579
891428
499361
910625
944901
642913
846815
584106
13904
503954
8620
997078
988781
74460
435088
300093
970076
933713
411218
92757
556680
795728
393926
530239
764007
687936
904518
417387
422403
241982
650229
672865
77129
975391
116255
663837
594169
516633
586473
407642
688937
531913
956963
938818
432088
638899
442088
156592
526247
610319
456209
953067
830155
320746
771423
898882
154536
832581
837758
747740
693409
601232
445837
15272
546301
625860
491662
441392
230725
120572
506454
556867
231862
172731
14613
615087
216160
799532
4510
633011
139974
53842
470686
815483
727394
137035
835613
515376
501346
988518
561320
485764
410252
323097
578698
500160
951550
482475
952872
31897
760574
20404
391562
522342
225138
367091
779917
125886
370733
477329
703848
211869
229313
982341
573757
202448
883527
21357
526536
386299
255347
971067
783994
360074
768635
165282
539660
376387
688767
507062
783505
952577
846137
11374
429171
735430
1071
646947
198800
313816
266822
879346
225887
87310
693595
337980
369849
217994
418331
212919
199173
460964
364598
912778
561025
678691
383558
698125
767365
88361
82896
561567
651987
473865
453315
645146
160304
204290
582947
572032
840998
500349
186212
619269
950136
331425
448822
468850
385305
748439
753943
619683
649809
763542
167363
494876
390017
132895
229221
20142
365815
118270
112493
696880
484953
596990
942986
598505
838436
476376
178868
396889
952585
532760
741880
145978
209627
190996
131408
697441
892660
667804
522493
157253
863546
623711
898522
446366
590328
229201
443927
826210
550517
9688
93213
646503
611157
786151
452269
938528
846093
870629
136150
954972
356842
604512
852408
914318
793992
195993
165089
658907
328151
196253
816280
685926
844229
796769
484746
463828
892620
306882
129386
88747
380331
994537
836647
871856
519701
740581
462467
980354
716100
170556
859291
493969
86550
879438
413372
169211
152746
496982
658467
732452
635335
234865
335292
156592
203227
716780
9858
288368
271875
961752
591572
92170
230484
975883
923627
629288
386734
345387
878297
800868
796022
232217
320546
633068
982742
107408
135093
834076
847172
42957
979005
331364
982053
51498
789592
583380
2895
210335
729149
293427
605844
363655
524633
455696
310063
124652
43281
857037
631143
944304
651902
993930
889035
931803
248963
990802
952329
348350
379768
344572
644163
532691
83522
215279
910655
712085
713408
837635
930254
827403
124008
335391
960485
644966
584271
944567
794220
447096
323765
32871
485286
723591
619034
579633
542914
740353
72009
294674
542056
509330
599956
459512
680809
182432
716531
221438
549424
289381
398768
504016
154364
490448
406779
245426
109441
303678
923525
866510
960636
656205
560124
786164
596505
833835
802440
716727
956673
556150
835745
647705
525522
648001
527170
921680
463099
553572
591741
226455
589644
730097
46336
825040
866518
692670
420759
690203
853677
132026
996824
26930
558350
380803
409577
715429
218688
352806
901535
111099
437886
580821
899959
994107
603591
224467
692937
7989
765445
171519
490387
193571
283086
446512
551598
726566
548436
941877
264356
354648
371873
263157
931568
823724
165732
918390
517358
576888
83391
243184
868329
212306
461923
395965
837607
246726
988738
153869
755350
957450
569916
234662
199396
630406
269514
18351
619244
814544
67331
102990
111172
643927
127475
961150
195190
183769
83131
729891
184933
839872
938348
912912
26730
620933
734889
969451
466736
804786
363170
995796
32821
762294
977552
632102
594589
270766
777409
64383
750762
166
227411
452905
964565
491206
238418
486058
484515
870282
856426
925171
166911
48302
270879
296085
649077
106538
178476
238167
980214
733583
306767
429691
434885
730206
778728
789474
214523
125131
386522
601895
843063
242540
315855
872661
996757
27873
709830
289384
427494
974768
771902
876321
208471
979117
888875
332286
524784
828537
569738
431703
996848
364262
699961
6316
728
373934
159619
826001
973747
712757
854282
212698
437344
182361
623631
448913
346010
827794
406719
394853
909612
765606
307867
124644
181205
390100
464415
336169
398668
965581
193380
255923
855112
570691
865040
846940
349547
315417
224684
620043
344578
666426
318251
767558
899814
101534
164155
979120
193643
809845
690557
847795
380777
992929
961680
292844
33396
886455
184118
192850
254817
595229
809332
542351
935563
294662
503080
325553
167427
636083
711769
961399
88744
620137
128889
172695
810260
825920
642312
784457
184807
969001
788345
411618
199566
644817
35659
605157
98114
793838
790170
483390
692054
571537
481367
587421
91906
971304
521026
518381
974388
393803
356629
40950
483046
168919
329722
205740
331252
599576
930831
636217
464814
379436
493015
86274
397304
128720
236129
497189
926409
969418
850633
315350
62554
103567
580817
247924
835018
415434
728982
592316
257420
757792
632452
278693
747364
58754
180912
861913
639894
823964
868367
36534
824146
430187
841476
860363
74321
66885
455463
824532
20933
481747
865947
688000
103533
254317
492903
459963
848885
281259
657504
34728
393075
781540
845703
121873
539570
238666
256880
658174
385288
561972
569651
349190
63603
565414
104024
208339
43722
997878
567358
320688
280676
36026
739975
504017
480120
577027
872230
421199
167955
289315
784598
198699
461052
249945
809591
401074
843869
827820
197519
633430
111103
402106
137146
573502
859171
320986
844378
653198
786185
229928
769112
818771
779895
494027
7792
604057
167030
231010
402530
595071
132574
227122
245256
136913
230050
634165
789963
906643
966927
713988
760169
823965
533714
242034
511904
443208
802866
813479
491789
99320
679566
897030
271297
107050
956930
75151
938146
591924
816419
244427
983486
667177
399757
704897
266927
137654
398405
41347
801734
411750
905098
524480
912861
941797
947752
412770
721690
761127
25558
984679
348465
442281
553398
53863
802544
349088
484617
703594
828337
919507
296828
437076
716740
800130
909160
934282
493437
277645
482915
6590
18908
457188
199486
377197
534561
518408
150617
63347
735035
454139
933792
275070
943705
823618
569363
670008
75591
916131
112221
79193
715364
100566
369238
975534
208107
607964
535778
710458
725125
58796
893177
138872
98996
162131
606068
925037
27130
96027
647063
29251
105983
767122
734409
985009
805514
207177
378724
913835
983514
344870
584264
839095
502516
614134
878972
823489
668364
862062
339398
417629
551091
537929
560011
360349
350481
848888
828319
769365
55511
273766
334601
686861
352942
312204
746871
987146
986717
261800
639154
210351
998459
887132
777698
104060
46270
429801
182792
582543
401712
217175
262236
936859
962675
90951
919324
778948
194806
375738
968451
881861
59844
50076
304637
723272
618918
214967
610328
742542
755925
808248
999503
354115
788649
413548
240108
131739
737440
825052
998179
866695
997429
893475
215955
239299
918037
822994
134528
652481
392916
1645
224122
235864
642009
660915
931538
709439
295221
485689
54907
181478
155947
812139
938469
921289
52306
632090
627510
671589
132063
714080
389692
278696
61143
767270
597518
956860
412105
194848
478754
962707
196049
598246
326990
263075
330947
668624
840640
896583
496781
316933
208660
411906
522313
536107
482574
662465
171585
957929
524913
464948
368532
730451
447861
543090
366546
470586
419609
154251
42463
997080
998265
526493
805889
913195
897873
804591
11169
210110
817622
395618
918631
210971
22872
427207
272540
690778
480642
652810
58975
69294
746886
274520
898572
264810
41636
638668
504248
797191
336798
886071
762882
583790
174545
963480
408216
132218
440508
726355
305916
476248
641938
365588
950688
827531
315162
182720
318686
86276
690531
660212
352820
802808
247949
417783
748600
246392
624731
607737
62102
106810
606151
660460
608809
135545
63349
721171
750920
947299
797572
706383
192218
397325
475906
28943
319924
148033
195973
634759
967846
497140
73210
527261
569970
87860
422128
447146
81903
806393
181288
154106
584391
342455
429507
35203
593091
755996
983226
993143
510291
261275
935172
70475
601768
356805
570643
298398
171420
170985
908727
256415
572090
187867
915532
628804
916307
553183
749979
361298
701921
910493
155875
633859
483106
719486
14563
330038
755299
86647
1111
267564
381817
316161
721420
982635
327090
996972
4004
125370
664189
596051
466407
885964
375601
947885
762304
112989
90888
382790
670975
978003
27432
674926
153370
570766
632328
866077
964296
949970
727692
281427
397328
528883
210326
389175
706234
599889
881341
476839
186878
244179
555791
635493
281331
253661
938277
20923
610233
648514
852827
605976
55348
866949
56536
906906
63641
65358
923918
525218
307225
499449
115444
573646
533464
234360
647049
491075
184340
638628
482281
845329
202845
990395
340775
183344
149251
836435
464123
519869
796737
199874
105862
735811
716246
522771
624167
569485
227989
877129
615457
850692
832883
608100
67572
129111
987917
170143
775797
152063
69428
96231
281635
864727
650338
193464
368654
66959
720404
644990
494839
348244
432696
367254
387637
866600
829725
741625
870865
804853
825386
953008
569781
165917
811111
590151
653465
824170
399754
789733
520539
368829
358027
325975
992650
926000
178876
678791
873336
330751
422357
600653
634272
956408
587592
122298
840110
837262
570379
536992
197381
783140
881385
123867
116075
431035
88678
689940
170231
615544
23287
211989
296453
657261
906478
362619
477458
576632
351982
291221
919160
655527
939375
268814
869358
288754
743868
998632
911346
806257
700767
806167
112160
869538
603357
246848
670171
884075
707310
593496
161095
236807
168491
265862
125550
28457
176589
392879
497642
869423
234323
158050
72644
766831
651233
432760
617869
947626
105792
98704
717769
143672
448026
670909
658223
518014
187458
286012
434692
20177
890770
327461
180361
804168
705588
548513
437266
861497
986252
521034
763080
562739
453917
930383
545468
683598
566753
44590
879375
965716
574689
263016
159883
366813
813388
513372
183995
707930
31432
597113
975513
499845
167756
849315
698843
603059
558969
422939
87246
501089
212315
743586
42031
397456
925408
62448
150159
599659
919594
78902
484260
364294
814109
391071
231003
98673
924443
507173
107689
139450
402044
556237
773760
896227
292957
665705
872323
443512
937809
805222
130039
332025
517453
471179
732059
466428
163036
920609
682156
858240
658889
406949
892479
829901
406848
531626
278395
976903
837594
14773
556786
275608
107543
913511
675427
484532
259410
102060
256756
93722
913892
303158
420545
839115
758058
300026
106151
443982
557779
472123
678657
85534
173332
550627
739221
491013
243606
999361
479552
250445
62671
190330
228909
729039
712895
404171
482935
501967
806849
104972
125470
995687
398469
841065
591977
629632
92291
711799
869572
7995
321207
712454
151540
934027
286026
206071
487647
154386
241665
799240
840686
671255
234469
475583
587412
775082
766426
737312
186036
430343
879822
417507
661927
972546
734045
3745
751918
541873
1445
879864
520479
670639
910379
482553
403240
604880
90638
508857
620596
664800
646813
515539
201633
153059
313146
227774
845223
611831
456137
134028
51675
213247
470491
516878
363931
842511
144067
834437
166597
938953
616510
361268
666328
880090
602803
426945
307870
494138
708455
644671
909962
768994
98707
930161
815930
992423
72491
915509
186131
187234
334262
411317
644725
215249
657954
872414
150643
2057
940326
366396
757558
547287
68532
784352
856265
497974
624505
161518
841926
467067
26227
150990
656646
573564
872590
192025
236983
496045
608045
213990
178093
540750
223911
336563
676314
163994
244505
65621
911357
690388
754684
922449
257377
409434
776335
795325
323772
585743
937926
298923
902288
488330
638171
230852
770129
216696
392840
73401
889280
409545
354942
56894
226930
287590
233270
187913
138898
508219
570276
271774
293854
405305
834252
214016
916750
48296
289317
33623
382336
461081
215775
938866
179949
908581
4764
737739
701011
153981
98294
488807
954428
141069
586671
7352
483471
928662
539471
868691
775391
489471
244147
447298
271866
252232
107853
330913
719672
486481
641836
456651
487225
141398
156839
803762
426987
973876
286400
139180
696283
270710
45242
224599
418971
585550
291503
557130
754739
875709
146835
224718
305552
304995
734576
796645
689203
979564
721493
818322
636839
362703
423668
640270
15513
971450
576884
403478
151988
400766
466962
613899
745466
987650
678004
454865
62732
946969
525059
76698
663170
155960
177929
468762
245508
482193
390281
192566
145553
431089
46860
43360
49153
615268
985583
502733
95002
809248
501474
46088
360844
571584
54595
13260
332457
512584
163190
144413
829501
626174
92813
158190
485958
849510
482015
683862
962906
715625
494813
331191
551051
701554
716791
608341
284941
343121
99635
303116
184703
325851
446082
302759
97166
710146
519378
523522
469462
752609
571302
607459
984170
414600
632103
583033
502037
79033
553084
766937
335612
121210
401753
471937
502710
518212
840186
743496
185829
623175
943355
835828
741102
267672
661008
477822
139501
140124
64312
874127
457432
242867
414421
121311
752395
18089
917999
570842
782567
366572
670011
180091
481846
632008
810451
852499
720566
537883
374915
542412
266106
770960
189545
339915
21308
5524
418109
818765
384400
396493
923295
232136
433457
325885
722424
116062
829981
895724
646654
629717
675516
384772
687917
915792
585127
494468
712385
252031
441918
414265
220300
920970
211716
576996
171190
443541
873482
750447
144538
282725
138959
978012
383331
308328
623528
187173
207334
899699
446586
608236
7804
164092
875507
488892
493742
749051
194536
783402
462693
519140
831448
813525
508784
183213
822195
174294
554823
442812
197496
65642
328491
948078
320656
105710
392201
779221
182850
100891
322870
538990
771035
691092
196065
129508
763023
368918
125122
818777
569738
413373
141767
611214
482633
431305
312732
339397
846251
314488
120246
850679
959540
445848
398492
548592
563637
28152
996688
941191
715421
943367
757329
153463
536365
899765
375495
801851
742940
537458
46427
848646
858463
732819
787046
834296
671679
136772
429428
529538
553481
754441
163666
653075
611566
213690
577115
254603
296551
475647
479657
748675
978074
99387
667346
670977
315856
537489
486145
590893
621719
880078
837554
88474
546275
946060
205807
487986
386176
638017
78199
627537
759695
543637
672612
995675
846902
772237
122328
943934
365186
261133
4281
537914
151720
672965
339360
872684
16240
378786
638363
325435
3100
408352
304869
131824
129612
728085
616175
489130
356779
155852
845512
230985
597845
415893
149254
652911
988088
309210
550122
613988
24443
264001
106425
663187
135907
94079
503581
919145
365235
731409
963200
813160
925771
670547
378820
578385
378714
451659
103898
71557
515019
78669
74789
354794
748929
541529
294696
509315
572775
286938
411633
227867
424743
671730
194341
517038
194480
858662
202449
72514
780515
281403
342386
587030
673464
296719
459405
194991
837202
415820
337313
68531
975065
174635
216842
360654
583638
422464
812584
821708
633909
752549
704711
369314
303839
854448
837455
109303
385282
971562
506477
124934
773897
152494
999946
151971
261156
710776
130677
180002
262437
576875
360255
941837
12439
65031
474305
231708
372295
901642
769232
961666
347799
645952
300214
483925
427023
114929
601231
817993
708787
471489
129096
87578
476398
396853
826591
796535
79114
362171
664745
113289
560400
87398
383823
198025
582436
797659
301401
154317
738135
342485
506767
578155
248052
107227
536307
937523
748367
316987
243430
779566
97046
654444
451240
857161
80213
581446
969335
402452
158820
26874
845765
99354
594485
345087
895743
220811
493298
777489
19063
785984
128697
49919
513987
252891
309656
587236
955749
180221
737583
745651
571249
678260
222401
829304
995417
560269
989745
92598
718147
178266
103104
956613
633437
6997
674668
326949
146825
250405
348174
916459
674380
929385
733602
327335
858031
591617
851597
203506
294433
392547
329114
324599
634007
552956
460238
578098
241665
263896
326690
770266
768403
237912
657537
744741
732133
216768
577795
959769
788702
929249
297172
186902
472295
943856
544426
698578
110336
653168
548596
876836
343289
787834
307658
140784
650894
359547
205729
260258
295146
509565
362300
718766
599846
933245
102035
763981
749263
576263
605888
401195
684537
157386
490392
708842
636694
489813
221944
908426
346048
458608
351087
880093
678220
66821
689619
416133
837642
200559
861001
756065
591198
414776
990087
521229
732088
785663
16969
804190
399108
708488
57208
548700
255611
135206
126904
763911
853455
753590
27939
886010
743616
180050
814214
907506
899383
399705
781129
289365
770067
112023
113842
860621
925842
44480
307689
190985
284057
166908
465069
693406
160730
500181
274720
195485
245456
216165
118532
288066
28361
772605
483714
109624
809699
554775
671604
551475
473434
201161
982418
207491
102541
876910
874935
334714
292896
411515
278252
554703
60400
87748
177365
15646
184583
767458
427220
466114
274439
292380
848776
11376
755601
214499
594980
962571
828490
520171
608383
950651
981280
433721
653573
746811
981761
444912
407936
303590
987180
58544
733777
128521
738330
413843
570436
774007
175543
125751
947843
688793
707316
119943
272533
940362
184066
85419
112756
147630
724757
722300
174670
964887
787337
990549
432399
621681
229699
591489
279877
634034
54903
165081
93666
171059
577970
556125
403991
518286
916986
169623
727873
1611
102562
262300
928733
456541
438171
339400
162273
4344
550812
617609
183784
977822
641352
846795
361288
68950
281611
32477
504812
658550
172511
371041
517372
372733
663878
969003
491060
344295
312261
643831
91037
907448
843974
300481
362014
227411
991599
909778
882384
582612
59620
576996
812785
693170
396302
166124
40956
506769
748726
55100
134726
467406
729467
238704
186562
242626
524748
842454
615722
456586
685152
584158
475492
191218
662260
918701
105196
417427
384725
63755
407220
544758
701101
500332
963494
459247
294587
744471
497821
529865
883092
256807
826769
974019
428837
227296
710339
339820
323182
59100
780266
732546
273170
438288
782388
874300
15254
906675
427861
73164
689947
216400
744940
47534
181213
956400
883084
564104
338957
933554
76006
421839
556253
284854
279782
721801
652025
272319
987831
667568
737249
402831
251872
731358
479691
156152
108418
918032
571002
499609
736359
666870
599739
248653
729077
479070
475801
252030
367213
158101
253060
904319
710930
108642
701028
301921
671905
737285
134865
856807
148546
908570
652236
290216
806119
696463
559063
442524
7891
517569
414546
338032
471382
541011
441272
124705
365697
14738
961857
252039
372142
457042
794512
184646
67263
731027
677207
634467
820583
450061
318633
657744
610504
542025
719449
257303
439597
337062
602028
876561
440726
778889
430391
781945
301705
528518
430677
205154
862919
356912
140830
615302
588335
455359
684058
686301
350345
974079
365740
96938
876284
363222
259696
322595
963093
901643
467404
409866
193272
721807
31923
13659
555452
891225
588168
829711
910049
372229
366513
262307
565191
850782
154414
753582
716554
944404
506877
224136
826714
449777
15361
67004
300851
897990
556359
214639
519121
805681
342563
323259
695917
244161
235069
340786
322682
34937
383030
48142
702922
290025
374515
778956
243254
413832
886764
233543
411289
179189
797403
237398
334083
221232
428918
848022
143379
658040
215108
313024
138981
966927
582095
162735
208009
336535
644693
237445
636959
737736
920321
931310
344404
162340
248083
587194
707670
833625
802501
455553
140910
642051
326261
974191
597678
255976
907553
936461
451756
951401
327471
695049
279565
811037
357120
751570
599499
550544
257382
968940
703915
730306
202311
946331
435057
740734
320332
630370
285508
441389
177518
602538
346705
91232
569573
954590
411771
595512
797647
649632
521215
531000
697183
658831
931629
855800
838076
982706
480372
291839
231260
834476
217187
675069
386457
756535
78854
403509
217349
365833
494130
45017
379532
562368
674199
804913
224185
428167
10283
439389
297418
514615
671364
958779
77391
322301
240065
821257
314389
10065
688147
833007
435126
756089
296678
220026
582103
693763
795132
120197
412079
782001
313377
933606
793114
804932
570330
146236
700725
403124
222674
271242
763957
928026
714597
260199
753442
380978
922577
340831
966854
225309
172444
227844
528557
691026
652417
443136
622188
744807
580494
211056
225716
740164
315096
20570
556219
447532
812483
759756
674952
287919
343793
645015
451362
661731
981877
554433
623170
697243
697061
594821
642848
263824
982818
154364
250483
817186
91730
111047
67285
235829
174437
373475
655256
727585
633595
857191
889466
200650
513884
370281
20709
650174
521651
394713
804734
745425
494355
199563
688550
760313
371690
10133
373374
338982
896182
210932
901112
808112
432910
386448
895320
308572
132117
470407
861929
265983
62414
739826
817453
29036
218506
702271
982177
26962
293538
248417
665798
927751
494818
64655
645204
749660
810553
177903
638362
936755
963897
680782
932747
102162
104187
333219
144671
298344
899894
600412
160581
969951
666108
719063
717737
891284
516724
398080
708888
498580
229188
561683
439047
567453
351840
591464
711416
482104
569266
550781
661739
617992
187989
202067
351696
848643
453632
487118
710431
806049
210255
824225
348174
618191
493354
984990
141358
538983
259405
967325
436646
667519
451561
308479
816912
229057
763422
738219
855267
366082
374356
224457
607686
410975
772919
953618
531062
701838
802585
613619
714517
432132
710
376097
535629
735936
642906
768403
994377
168575
199780
18336
372467
934557
132509
835959
863851
662550
145799
287045
883205
708404
308206
462307
770704
130194
516248
722662
621881
476808
216572
689947
69117
705067
206546
372462
788030
117230
697797
377810
657198
275163
838774
719831
44389
94949
431694
657220
516890
720705
657894
138847
218398
252858
182463
833782
861838
436513
444257
94812
613656
28977
208072
395514
642377
308839
838309
840727
909151
85886
380818
698294
191921
541897
345840
257163
36054
184285
756933
560156
758336
25050
5180
76184
364415
864911
474401
611398
991848
170555
793072
435123
908833
270663
903780
425878
864337
552885
76632
987891
619465
227137
942453
315166
833427
63054
765600
835472
876609
874516
731587
607992
896509
289443
890750
313984
937205
837199
806868
562200
156903
331913
822027
732565
724502
526617
59320
122868
767787
190012
72319
439126
170752
733557
298282
551138
202215
961756
243154
509939
835190
413939
946168
619574
37002
356365
929737
419520
522689
172854
746188
858589
80750
104634
731669
125750
265150
611957
941775
971775
236485
14570
188648
603874
8244
327673
55950
436689
438965
762382
682318
343407
728222
459739
578169
132945
438361
689224
425118
962536
36961
295603
40386
376869
827417
185247
502879
178301
988313
563342
695658
559508
257267
733755
155936
250278
920762
438094
833938
537143
551795
86760
362167
899277
746421
285702
312309
963445
268008
114003
25485
120625
299492
473695
540346
387485
692270
729308
262448
17647
286806
748633
221542
347196
378831
392011
668617
218148
418271
844636
629050
808657
886799
118683
359413
723485
587943
276359
797710
594481
145116
970504
879320
420781
142653
861017
219397
856490
391427
277852
119434
278356
790578
423016
256302
713724
313463
859053
902243
639938
63926
615091
505850
64397
522018
985516
872809
130074
225001
848165
155598
922738
712216
566744
903556
95983
339372
483229
461279
273705
401586
988723
604151
972108
612217
613347
969677
579184
833004
495072
821158
823715
473667
688594
442235
882551
271450
233519
870186
716520
160634
681241
428469
955890
896726
264371
378484
807015
471224
9027
810221
188798
926862
202418
709930
54191
638802
263086
213837
260121
715648
53010
480216
816196
820123
574997
630886
705167
344165
817869
961376
208627
242373
126979
24581
234272
966267
212630
109023
131997
230470
274066
109534
896678
10530
947328
670199
134943
873214
843939
296277
980660
956630
647600
850529
686501
512535
329832
418300
885502
20827
759316
225897
109198
879909
898952
489896
350611
902108
655403
932742
260255
544286
42392
457362
276123
787226
322641
686292
989777
340549
165486
88830
498455
764717
712875
846877
510077
955831
848435
745682
130368
621209
73285
13313
188948
328992
600396
686363
126627
406808
878720
389903
383909
503739
938640
275506
242641
524545
811750
305394
665591
984025
985121
625016
781580
873897
253934
750045
110626
783342
813281
738139
664197
174804
176293
821169
70605
9593
92331
507177
109832
322227
778925
468221
790963
360709
640054
621948
504525
973057
650629
465368
422872
257306
731290
15222
253842
118371
786916
458306
341672
39065
304063
603269
27210
554091
852076
637684
696791
841549
389507
988986
736815
575526
87412
135431
818206
965731
173216
879424
304279
631976
297407
447925
700486
183819
282783
861503
282635
74053
942704
230928
685680
163026
795066
850851
235928
293755
531235
707140
667969
383338
213609
712258
976048
50713
671837
668336
773013
619671
866587
218047
378413
417525
401519
470047
959788
955862
740577
192297
303306
186836
233034
484152
551925
977243
849013
153450
158490
181064
209208
252849
886042
829653
799842
468536
527444
953354
274051
327779
188205
623422
718700
784757
616022
130024
19820
70999
467130
914196
981994
660642
38118
889562
157745
279702
673173
599467
507904
685430
416338
937004
326349
954180
574033
642481
648217
620623
951998
432120
539102
279948
178090
516852
132979
615077
303393
83196
247262
400942
458470
506045
895262
825859
122837
438843
824648
684276
794059
117801
76283
818289
882382
800125
584592
704538
831132
349194
140781
231823
827292
851061
259824
298592
848462
591868
223014
673766
850492
542249
517992
49359
109846
579559
631730
74211
577269
493366
388230
275375
231685
495539
358220
801283
858696
809979
712687
256453
500354
916875
485014
988527
69352
606714
79121
831108
691668
518848
151085
251062
132369
833465
670651
698389
332501
779160
725847
481368
641384
965073
106536
555827
759337
279031
939152
435485
343209
694623
257979
846109
407623
166771
782090
264485
342058
522898
249829
175853
554709
711193
25180
82017
376195
826527
464306
373518
554334
505774
840001
436941
86071
986902
764372
812362
443354
208402
536308
781864
783400
454469
555217
786721
513655
707551
961158
87146
372603
922919
513842
766569
831289
929963
906737
535773
999166
85864
256512
771260
598020
848347
939654
472369
67879
848636
169298
70277
65487
585581
879110
225134
333935
568698
296579
586187
37039
538031
631877
688814
71792
76818
49897
934677
207618
527661
898166
612093
118492
187774
9213
497691
110433
621975
662177
401106
916369
233212
628324
442640
53996
790620
763301
623609
100115
179004
218103
882502
56967
747662
774595
41094
714202
384734
289203
114853
179538
888675
964555
211729
79250
822823
444304
17396
721552
618016
116788
377044
83255
76655
990910
881943
320139
979029
347872
804681
687075
265901
667640
866956
163269
940005
226967
607594
811538
794679
853179
110956
675142
348574
155537
907392
588690
121756
328922
534335
171402
635514
580633
419362
200369
33437
449974
447646
249991
163152
555636
950051
463680
946422
262042
608554
176620
630034
123584
311580
907728
939676
570171
442166
105505
425596
575453
376747
953922
911500
69365
814925
969957
85373
113240
245872
498628
183773
366287
949680
415338
682136
608816
649802
48660
554414
762870
814507
547311
889980
311429
77679
960190
720395
687265
136445
293378
586041
553348
623170
33904
899382
534956
199321
123191
376478
121774
459516
866610
248451
712659
190203
355072
427613
342494
504022
919861
413975
245802
403007
152964
457158
780562
125889
507163
449454
579207
164685
244243
91341
641309
328863
366942
524932
986964
674414
291245
389912
448610
396821
619474
690490
757818
525650
851865
163962
336789
307951
458912
270038
681303
667567
402620
828362
171089
297118
717609
404776
363913
749257
608116
645543
762804
201133
970756
36101
503089
182827
204056
323993
533068
828972
33599
95723
646915
679938
232893
165920
697478
845990
231347
21828
526866
607035
652497
471942
667682
150343
135298
22586
418558
431207
121461
250657
704125
725075
239071
709356
103861
25890
224190
982718
544651
848972
260394
430728
563535
493243
293520
171219
694183
391103
307788
252169
26380
657895
180842
467232
148396
656707
391983
348889
556713
939947
792736
912628
619710
70567
846281
760558
55900
8404
739288
762050
421379
171750
92317
741415
23870
770500
653661
201970
306594
647640
971238
519008
390418
448622
242823
15068
534729
289771
856652
811507
440333
505653
633146
858675
266362
101564
133658
755056
790454
191251
985728
94444
491921
62353
956250
819008
238253
860255
961662
542758
25022
596163
573802
562076
595811
983051
165516
830510
131914
384846
703629
858483
553784
204905
656147
729781
899710
15238
208729
839326
517190
368937
849342
425382
428518
190622
146919
828113
591957
504523
774418
157168
60833
614584
558391
788573
408253
275800
615023
747090
951002
43605
979072
713467
429580
826820
221034
152131
228495
725086
949957
25140
493202
204399
760834
136412
69717
187148
559993
360755
706191
778218
873757
835612
723133
418791
431484
587781
521032
848644
727169
372494
712453
477996
54801
936320
966702
119227
344061
44549
908206
415623
975065
340497
753857
802761
69810
618078
683730
787225
81391
332676
786333
295460
743286
733200
236456
670525
927525
439787
802669
877049
157863
190296
721023
640575
457198
412525
128094
318264
10447
205646
480359
440466
649226
781424
822079
935222
649176
407650
254827
302491
667643
212462
292750
767593
914738
52252
869542
154805
684382
341593
738103
700807
7401
955299
374110
427113
705544
632094
717914
497737
784906
534399
606721
47744
797103
978431
332526
137459
947309
592758
863014
974456
553409
671112
641979
677561
809054
9010
255524
501460
893969
409271
149664
45526
583422
671605
879765
545046
698386
170339
306274
116671
481722
786730
415865
206222
526044
798308
63962
672357
592544
963752
29029
755142
853354
113996
599252
195236
845853
816700
743254
749945
195399
838058
205417
328500
789407
802503
57135
58421
331785
433127
594231
49210
384202
367727
539607
353257
997277
625514
708017
506068
113519
748250
814796
12667
532923
363370
525973
390259
189008
549245
761626
588886
761298
224776
11263
208198
989043
111622
56324
833277
409241
847127
134361
155476
491048
510810
387984
614160
608600
997998
919124
277075
695249
53819
577403
547094
206682
195425
859156
110758
192504
823136
935871
295547
670579
190474
916938
164894
392833
890642
815440
427004
655092
760785
397063
754958
810037
216706
885718
621909
492086
147420
512412
955221
748333
869365
824320
257886
66780
509368
719251
625020
243474
640014
705744
389856
347257
68527
113832
457207
257772
586738
497271
889837
63940
798119
491435
689445
818472
336415
447994
468120
228735
48377
934277
201403
2505
636587
593178
516703
375655
626909
57165
732906
405889
685357
504136
114419
400320
584571
306582
827347
939163
376162
404191
129630
527105
646706
208900
933755
308086
74292
639381
513678
476429
674442
484145
853334
832805
794605
342206
300610
71459
651052
812241
706370
947994
114263
549387
470915
153759
655543
170871
905809
523985
335693
682484
29251
550336
244236
255421
928534
93344
647562
479463
844994
353175
693774
49186
243631
867046
190273
186627
292583
172760
979844
716791
451090
104845
473117
590090
693952
190258
667072
943421
614081
589896
531816
596327
788228
336808
635996
281524
133703
647468
894256
264906
22619
299588
391604
34740
767493
808686
314025
299318
962709
277355
281017
504169
649787
273415
762230
847593
195296
718444
411585
679966
822083
339438
859430
108525
746221
431326
250638
79714
667662
323007
284976
857954
835474
642195
676206
685881
41587
136799
951948
384852
915567
98506
801960
814197
68707
237214
227028
709284
293964
21140
589575
865144
650891
379626
987043
151616
687293
623600
484123
803111
515209
899358
370873
227167
558878
990644
211157
206950
995328
331690
977690
189175
4819
740478
46449
588022
189288
969957
246478
308657
377174
225028
400072
200904
875837
300343
156865
750708
606764
18643
97555
317912
513854
862278
128072
365306
976181
874375
632255
661588
769848
919827
593249
498137
853582
308285
816586
843908
340677
829566
667932
371178
61499
785933
851515
360224
511213
169356
987431
835760
348325
327798
136764
510798
662463
626606
871442
510276
881872
863726
373998
370947
865067
18800
196731
75653
622992
432766
380333
73969
928953
118667
682761
115837
724488
547691
288037
650712
443451
159544
467473
588911
683653
174490
624172
886370
586163
698630
363172
248820
755501
645423
115352
369100
408457
25158
299631
185165
889402
895016
971055
100274
505331
918690
498605
190729
794678
619040
851064
645317
74880
714712
23959
887000
436585
426240
125088
403969
980342
522395
203233
787959
845135
937073
228333
274979
920358
707876
726245
164639
795729
947385
791884
506761
12533
637675
636996
561849
465141
678049
892309
450787
401209
639582
883973
897290
288680
80647
344661
879593
450679
584045
647036
113439
80327
593591
483327
718233
483972
577354
274491
420578
594730
651330
154115
295632
107730
770126
167427
312981
602380
589893
245630
986798
378747
908716
703665
340497
506357
797710
975589
936404
297033
943067
900200
871487
460845
390564
843685
297807
21249
87465
133080
124125
382434
745877
431040
247122
218118
737911
813675
274000
227649
401722
739607
628515
169950
226588
477952
517012
113053
198067
330408
5887
526642
921268
397072
199206
309221
984134
584211
655850
836249
388344
333208
500094
349698
205739
771067
561526
265337
622510
531046
34298
298240
143308
656317
866567
958686
191149
330039
295484
761434
438622
715012
279554
251250
67308
214642
698475
44243
162220
437802
815186
612140
306888
90832
492622
903436
780994
197664
284577
109087
651629
62119
407838
516154
285215
999095
626359
367127
896869
427188
291458
450784
75308
435293
273493
781048
922207
630095
457445
723287
485735
295735
467545
525595
296154
95820
601751
536557
709686
909198
636032
990896
702716
346442
943980
922342
122886
268958
37653
888852
88820
268199
328642
6156
447341
905562
678047
106174
616494
122881
256076
511821
419622
531691
90249
737439
234360
297825
78825
443511
676760
120629
456112
448397
356272
444255
217992
943874
829542
77355
23999
138159
717102
388900
423668
144182
830135
276943
650047
835509
389585
762976
169451
91276
765017
467389
500037
107416
149272
648883
970563
982130
885016
840402
245361
753028
384118
314701
151772
243120
359592
381086
32982
86179
92800
251546
355109
820913
269406
548088
454810
871191
680578
665099
104433
823594
830627
59729
844817
35863
168149
327676
539393
264648
492650
333401
365371
126633
520954
668637
855208
681081
799147
392105
982155
333377
992661
83775
318357
104183
129553
819299
35185
87539
471773
620699
943944
630731
683835
995221
54423
347550
751934
107204
230950
465719
926269
82481
299885
843160
734941
25564
8336
952992
884410
604521
31025
133021
145129
930531
661141
570499
950547
380096
758276
205961
392333
811204
26411
895781
182822
392845
91648
528621
32853
118353
749333
880965
810963
232403
753384
483616
66191
606001
734075
487184
257836
499619
814758
59445
735249
283807
165975
927291
251639
128028
740499
217012
474521
945269
434913
977209
607466
47950
598800
636084
735149
759812
165519
282494
793207
484081
828762
862021
302424
321048
500463
251808
386469
662715
25927
915111
701016
170496
60586
316429
418783
182116
2826
53331
304476
159433
429596
918309
500532
971288
57057
969779
419686
189768
577188
98076
812870
980835
964086
35981
69080
468486
78376
16374
773466
470875
997369
74821
587518
892981
757843
395677
213120
408758
732864
439869
272232
54452
754306
778348
581047
753025
269626
612349
239546
55140
580769
634045
633118
453391
740892
616253
405089
429263
761921
44206
392952
471514
321772
509052
667211
264465
434381
765946
582843
884584
255004
335505
368275
298435
399874
238685
696560
557720
498858
517218
646420
738678
292647
165209
958297
294063
865058
713829
366188
777969
45389
881166
4172
140898
930121
824260
454269
81518
390100
442836
115326
899802
798688
646830
558792
155688
119246
711616
381324
270751
311478
822082
293172
717410
52929
456886
104314
839526
961810
737362
172406
530469
741707
876723
834114
8036
777838
679139
340902
226118
162507
688976
749849
954492
68936
682177
318738
517793
488956
936769
335917
871482
750197
991323
581961
317261
470916
411175
170874
844516
318217
754662
925634
972035
794259
40699
677516
735632
997085
845245
710072
384182
467326
641590
942341
679710
457366
511695
875464
295272
613119
344838
484513
471208
266552
422975
45849
343078
406771
268820
764797
859200
708454
398429
469662
337478
444318
778403
664675
699860
711229
499420
933489
426601
151559
392674
815093
734108
900997
568138
78182
115899
194167
600393
616415
977516
249246
252876
418167
404247
346891
308983
185618
993646
472570
161304
722627
470140
677112
457738
561732
381378
654892
145702
639463
771958
485381
366284
510821
468675
634883
976425
251674
128752
300222
408056
286586
285394
896325
853892
222276
654462
581453
650320
874376
268354
311357
131661
788210
881961
336169
285937
858034
480752
510726
509991
643037
671293
462660
563104
946604
77215
832688
624764
180905
371095
962700
59521
672699
15341
961760
421406
480903
821967
390697
770577
988688
878931
584641
830138
60093
270718
741589
480442
905827
572265
218503
37295
987690
909724
227609
782392
359643
47308
249993
447247
919822
513388
580133
923120
152763
484597
517870
122498
486991
120695
11646
887535
228552
296363
486322
378319
484178
812796
75908
773833
784622
206302
476432
851628
362995
72812
363421
758989
663651
900135
959781
864890
281300
800119
41531
806952
970331
708971
623220
661944
978655
806937
45321
884222
989024
144059
886322
908098
147033
847959
122517
628372
824030
261904
845681
962992
879082
234781
409517
472049
433452
869983
879868
135226
203506
769019
734291
755741
334713
192060
321688
899589
931225
339263
487777
196564
605096
296313
231662
686778
882943
264497
257941
701039
197923
129558
254561
715017
590512
110589
801456
618668
908045
935478
233741
296241
599292
20726
104672
272781
172914
239733
193508
316832
587263
88932
403987
186481
898135
698676
764606
244054
76258
862530
805772
885962
75062
902338
722899
518153
925236
634916
839654
894563
173298
579056
734890
997704
38933
624936
223514
882018
378062
773671
968470
472788
895068
179934
728320
487521
172578
889501
374427
411552
821470
438978
327089
480776
768765
357277
473450
551424
92171
570431
698032
633132
946906
179161
997055
318430
888974
517026
253433
392181
289169
509627
128447
524406
312634
839283
989892
128444
883113
716959
318129
534364
965322
423571
862346
766787
983368
103774
497870
172059
80616
977407
145862
705999
643808
491264
117674
83697
295911
618801
961809
822249
998257
515332
494960
226291
154247
746803
317434
73644
807260
506978
287347
944380
527137
742825
336473
106348
619300
838912
192714
740499
239579
704306
291156
161532
267290
489840
825273
65170
946914
182715
449602
200285
441943
378341
955903
188487
504933
596350
572672
85529
410377
471289
861302
986805
121414
547196
157638
51089
292539
470968
561864
727101
32952
998215
698071
991891
235347
514559
518003
928105
542253
394951
593907
157480
303037
136859
531953
401470
203763
782327
724660
239119
884117
599149
869837
999206
580563
278377
363319
728415
973018
304513
396432
353707
35775
477244
236226
299883
505093
321637
558581
700960
423579
110218
100382
175004
938762
531988
811018
856070
686366
138366
935215
212928
940653
996413
600083
610180
938789
708945
195979
26093
110885
154069
265203
397768
135732
372759
819273
471807
713993
400394
749643
822866
501133
27106
197726
650900
810395
865237
708145
434429
976469
45943
537562
778395
349845
710816
556822
816168
369390
242631
248047
620180
40092
489410
487884
2385
773563
864472
340508
495311
570546
17410
998442
92225
155652
617870
823686
866690
460293
62088
68029
569130
369409
786321
874984
573906
736230
959479
208335
46485
413034
84400
124288
106334
109010
328061
516443
985302
749013
519874
411670
388524
298396
522288
246034
956827
113703
287227
202372
197659
514413
516216
516101
4380
217543
856089
149001
901392
502126
353811
108431
700244
569745
229434
360643
259662
382075
864788
940756
960262
390743
794540
505036
42236
278165
467277
939787
485391
462199
381746
1766
819580
341719
505195
505944
990775
823146
445862
61832
531252
21442
553125
849090
707747
38696
210150
431157
78326
393056
999876
673119
417302
793188
883899
364189
43999
703096
348617
599425
653180
869651
434004
235197
447400
554868
474516
997768
123579
691024
932934
207378
33127
727313
774084
376015
412250
463479
772300
962723
32234
910938
766604
618377
337090
210557
441642
631590
899667
246278
535145
906125
592865
164891
526473
314664
387457
105601
500800
923675
767233
429784
921740
30400
525773
543121
470977
772540
824546
259995
149152
159120
283243
550613
866608
810317
213679
258168
590238
417161
919287
87024
323346
261056
285946
3993
698856
703228
461066
480010
223276
740169
313801
688252
482663
64876
37579
711983
211752
763964
596585
184335
416634
779356
55038
739805
198815
89151
237238
976222
499711
91492
257607
258946
508225
527434
361342
825743
330840
243074
876841
447529
168768
181370
894842
529791
466342
656769
200905
884503
916032
26042
360875
322067
457025
882668
244111
74113
174478
560306
282141
637010
410610
727395
278130
584051
433364
517740
908817
170512
16639
666900
519519
356650
440476
775829
128187
484149
166269
325938
494048
501970
345204
704190
405619
989060
300977
917626
852685
429373
442364
617359
102588
848065
921936
190634
750774
267769
868710
489673
91029
838432
545502
360060
349607
971268
914905
833301
407626
722930
938478
402154
95034
588947
399489
564201
534617
264396
820814
623839
335602
30239
712156
823054
880232
324969
428323
951418
313935
510502
634938
917555
880332
104943
233666
443164
421502
927679
56461
894915
174361
971819
537853
559690
849004
368601
969647
667519
602385
524977
29698
634501
686948
362790
301956
706755
129571
20765
923327
526256
169822
288753
954
335665
125243
173
831282
927553
244049
453053
79062
405759
72042
557749
476234
892774
360246
347197
759874
414097
183905
742170
171548
357192
451342
392099
451761
948290
405003
986889
674747
28339
193780
748474
352768
912695
828389
206144
390489
547422
284183
112068
87521
260965
690507
2376
694111
28615
570210
199599
767359
622954
695493
939739
873365
193012
41958
197287
183221
282151
637518
116995
64151
558710
30550
840615
243315
557932
519170
254389
809852
591573
989424
929720
284950
75439
348193
970605
75442
508986
181128
285789
832979
506687
275102
485679
30498
282004
146587
488976
91519
428929
226991
461357
404587
852775
82477
944596
328763
923406
226673
420417
63616
989937
36747
835582
79489
637477
344466
921862
694909
153082
555326
559985
20207
83475
27793
161623
346599
524936
596249
683875
908789
31144
250779
892968
262554
404900
831834
654163
56692
945614
926244
385270
173008
947536
538759
250895
767954
938279
216823
860650
360818
717815
885159
238879
302374
130811
389508
513348
156742
389303
164914
178586
314974
541793
63143
384883
812297
91046
625726
922424
191501
57461
577412
790156
433168
596015
868459
789204
802840
538314
197916
894138
134559
598712
418212
277539
937363
941931
413217
233292
881395
238731
294798
216456
263662
454929
787093
440226
691363
896183
972531
861324
872875
468218
714025
823013
313219
636881
133984
469130
712410
236734
922024
253786
313358
413577
208971
432393
108602
84112
111150
791240
567436
272600
953909
834854
599833
76356
649587
648247
679915
433674
709714
653070
285624
891539
81450
259226
668349
391427
175177
232376
670893
385832
682865
171998
879228
705065
212147
392363
458462
718731
556021
64997
953078
715922
851931
327172
288785
629146
529018
243228
817285
594229
231134
646939
235136
213764
258352
484
621519
491499
393563
625242
283525
956368
777033
422545
220901
93794
182250
878734
72626
755491
997963
261055
76454
23874
297381
734280
226870
145774
435858
460618
365049
856358
628030
828518
591083
451550
521617
104965
293924
336705
716355
15910
477088
724059
477711
992945
888167
458993
105308
684967
356597
150699
738377
970996
856275
167309
750907
606066
415684
93815
184674
451287
213979
680737
669051
614777
704783
901982
353775
285220
788475
975637
544313
186505
344042
52550
31064
266484
649994
920464
17125
184988
625547
73165
334014
396544
950120
521310
31903
94158
27988
775555
707666
521155
238443
268470
2533
935280
793959
109334
388901
312718
860127
942380
134683
249218
344839
1686
898607
101237
817589
559931
950274
472402
525925
374963
485441
167606
890938
213792
517729
902981
53384
751925
393069
991453
911898
425340
536925
324224
250
134257
230953
229064
120788
285774
868229
753457
243157
860241
623225
978994
704779
763581
283323
918646
408849
962298
543258
493026
59156
167854
518565
273279
585178
151788
753765
743385
17493
75596
38962
414336
338212
55240
469022
285382
435181
749578
278008
980933
493669
915893
553293
472871
601453
304836
987161
357748
592356
670796
211306
353702
758417
439712
915454
810871
509496
188622
123839
124804
710619
819862
738100
321485
850318
760884
955490
267979
717328
215679
219215
293353
234456
736650
882889
308834
618119
217424
610040
882814
462194
461645
328644
466574
826184
429682
698127
57688
64540
130910
889115
24488
484276
319673
109194
585597
158352
406303
35053
249608
390463
67954
566132
418248
831961
677385
339014
569989
197225
187674
142478
43343
626658
650962
709876
250995
109403
869369
779584
736905
755807
990576
637816
300212
546653
537786
374435
214941
219698
350884
851570
773384
279993
789160
175760
98904
565252
808374
545506
348478
377055
867911
736821
383861
752454
176450
674464
149348
365917
414379
11896
515172
999217
560624
35154
468953
713870
346033
41815
720394
411277
543779
551527
683405
709572
909528
3024
803708
251180
624991
443336
476753
940961
47921
66697
403294
654842
445999
754646
439486
278998
376165
843413
503968
547173
508029
787606
502373
459402
972171
109649
308539
558675
35628
618473
191038
249494
693167
106217
785592
141807
670858
689204
458997
363941
771544
990952
929099
166562
874964
281647
970754
197139
110017
713560
560935
13241
55441
329441
885504
90851
897182
338335
657716
901931
373421
51872
192193
961726
57668
602559
697617
890782
176180
490079
813949
273698
630107
885568
714721
663362
613717
235098
175310
627546
408232
863011
805299
803936
444875
384858
973184
833518
234835
6725
375118
663029
80986
490226
27735
486769
468340
982610
824751
572456
397311
471912
320834
295989
17911
513443
97169
214528
791046
270684
583374
173206
150110
493947
235120
101594
57360
940853
787359
670500
140826
537548
457085
570715
758912
537259
772047
469445
275619
978628
594919
52576
949576
266745
2358
534007
958037
986319
442081
278287
527514
124890
904222
542542
743496
838080
763222
990099
138597
324472
188861
300100
927667
177932
539609
413562
987966
487004
139460
221504
226482
334977
756467
413177
814827
420571
538052
651659
249218
103277
208574
325002
220277
180812
560452
224585
553081
827705
995302
819294
780811
186674
605746
725308
292439
380955
476054
989392
298568
373123
321417
177460
39490
472196
58972
119891
835087
156598
957800
555397
369190
857502
489754
481410
37461
973280
856986
812514
144708
90078
767851
701019
414736
114474
679640
133084
638711
572490
415609
45566
668302
13626
312828
859157
32159
388012
926787
195486
970723
481975
339601
874336
630762
433528
26472
398686
449143
431658
916045
291883
915423
997242
116699
253682
126301
156911
911931
201909
256492
694676
913764
315427
267829
652924
750805
932660
370982
365767
786098
677365
473220
610677
140368
471870
739329
169117
621163
263982
710599
853364
61366
476455
719019
190202
452165
561654
392748
104756
726127
303667
164875
653439
585273
475832
753514
403998
81037
564285
446885
896530
32192
561429
648555
11799
941089
502032
161679
549615
741067
304763
130048
702607
517883
699646
856214
28092
186811
678934
656807
626260
772719
361779
475617
659942
225464
538489
166786
303966
910036
838328
976002
986022
945856
432527
147243
539954
310719
559295
583575
429928
143527
744040
13051
498354
79588
788484
945639
421964
847243
562363
91975
608085
565243
573944
643932
379210
237255
62244
555645
182958
202165
236586
41651
563756
96767
305513
957322
772938
354296
352142
918364
652478
802926
419862
593926
556326
342444
360610
796042
739773
555517
528470
18044
830273
82151
489710
353860
658053
686794
430972
349221
403149
379629
194565
893186
1311
339092
312008
212070
659597
656351
294956
131900
564986
77050
48054
761972
108541
802158
641505
226574
32284
542216
714710
621610
533067
766857
196866
622420
167522
978804
461368
766094
496020
153245
455794
936765
306240
544899
359685
940462
166796
419517
845510
797075
98690
990064
59498
394724
886498
959019
618804
535315
484800
704979
460061
322207
355973
612478
917302
970652
514347
641964
100609
749143
387785
568951
390611
553843
452920
472785
267497
939668
573009
460601
151195
688788
9792
794627
671353
871121
465048
346983
515075
683674
506628
830516
50106
850650
357022
850866
509340
263079
722974
852704
45387
401086
563104
625867
844763
873544
817046
98477
880615
240430
892615
909857
124000
435344
842219
348173
554198
357520
353793
488834
102745
96520
149149
62348
955801
778483
419147
572003
790238
306073
867310
688201
334964
796250
120680
409493
684948
432856
879171
983122
250122
669334
279224
856837
300811
42664
81508
240573
721754
81850
942487
49556
834992
964016
739398
719199
173369
873234
965177
898492
640103
805180
959382
216170
712043
538262
425745
775753
478927
907879
333938
21534
953491
597067
556740
330458
508252
800187
977453
487447
532575
209412
430292
500899
450569
518117
226071
883046
596842
463543
125166
699000
106370
860935
64605
533316
159908
226897
723550
345800
965253
724174
884370
996299
238693
672962
718656
654353
893135
245208
732356
170516
314139
867852
776367
495523
695935
622078
673251
903108
957102
444441
458544
694161
529610
379142
461685
475324
773064
159361
429039
537807
3525
88303
334632
738564
29023
954836
802491
446539
498646
53304
476702
338610
48728
724987
461045
550462
165785
244171
80145
840164
335347
639492
861034
653496
119720
492682
237124
784193
891104
504896
629037
123261
451062
132160
215157
524914
419940
886324
935696
830084
437000
908345
571542
400195
80285
807401
640509
687968
745852
19515
697711
167759
915418
171516
112669
841009
455861
954906
647019
144774
200887
676770
873617
79536
291192
285176
860040
205180
937869
924633
190368
754539
400709
713916
87966
536774
43690
320050
673152
480367
578887
516938
359687
860559
612296
756673
35801
626424
678646
515317
334473
100966
381161
103053
829600
263163
225503
433913
245290
948074
807454
469609
489126
577958
825393
927158
823550
728623
605868
13311
423819
365697
736814
672640
242012
513640
394052
161128
893079
197785
365377
846837
549229
748213
324917
956669
794954
834235
508896
481694
997182
802387
757735
981311
450266
45928
579917
949670
33300
234430
599891
877192
570496
161896
134372
141908
787166
21893
367472
999540
378430
173676
369696
857473
614960
459044
528300
73450
655253
954953
834213
59400
740984
79954
650318
615511
769424
858706
344941
777835
543184
918566
297466
183983
203359
263989
805117
423526
566358
764249
23986
929453
167473
866134
871137
55581
48279
585894
419506
884233
837251
358629
710990
876103
664836
180490
378164
403230
803133
329253
483970
480135
214409
932512
366944
561857
376685
750581
36842
311154
192189
190700
108861
976959
521755
126385
693802
288735
815670
258153
330107
56665
395238
310056
310370
776437
167097
793326
383318
865908
372585
624579
812709
892693
233506
650964
553690
221748
113923
786869
154336
87530
940661
444526
800219
972801
15858
139406
343254
499164
734713
568642
470751
515191
849876
225222
717037
603702
192423
544787
841091
496566
702909
137915
286975
114026
982045
898737
347786
951666
914149
155146
450108
847687
115924
923198
640693
115968
693187
485266
747936
692855
539821
574152
617235
319134
194702
867783
517214
875963
462823
419358
351356
961658
892965
535882
616092
447224
78653
974986
272986
594468
358273
99004
127823
11707
823481
759407
585899
353213
631418
101352
356049
997466
120772
937992
501084
374954
542734
785300
565108
322058
721677
898839
277199
811326
947903
425689
798722
909575
62238
121466
987093
283624
585239
341449
670858
940064
124125
129275
540369
537655
322335
468838
308000
147013
627684
498907
775816
958447
550054
399733
43637
577080
438333
555153
30116
534155
647155
457267
980011
768339
193181
15698
780420
420264
450027
654328
514762
67921
548092
415564
172267
871579
862487
426973
333117
766439
768176
167372
259664
540688
973410
678169
507022
776384
626343
197002
268737
393791
99180
489156
18287
661672
432654
433863
435775
212416
916675
403958
399451
290757
455414
49047
744008
409157
456306
414191
416933
377372
90883
866193
325707
929949
450017
347237
256959
482297
906445
84271
814241
47343
227046
982402
311273
787438
147704
340503
86298
952507
514168
793402
745465
405758
291401
910115
437596
209875
295980
227986
215552
920408
279934
785926
678904
233356
595645
304901
771311
410475
202292
927268
898891
842582
145019
98343
399049
229234
460514
603771
36130
389746
128437
475862
144587
673756
987089
931500
110218
23915
109153
900634
965731
726882
179526
860207
942954
574753
22647
738320
227692
646315
277500
117036
756102
581146
458339
395286
696880
417144
875012
18682
407804
7613
361830
992647
638790
742637
916352
571231
955169
466219
854918
407195
207042
610279
763607
39727
812013
339064
140581
973962
499508
300977
645307
945984
793426
472981
187530
399607
742336
639427
518776
381002
389318
280673
451436
929568
937526
433792
258859
925113
505833
820805
522248
354112
316972
977955
498861
787358
924050
66084
939166
136911
893973
781335
578788
923624
647995
68391
893601
460398
750192
699308
801841
386924
356503
161387
698952
341139
152272
49985
143993
682094
557901
321264
514998
688011
623380
135238
743742
166969
892760
356384
153478
585401
268835
65998
224193
237135
216007
77282
526406
174578
79022
419818
37830
342686
398778
103909
891226
882392
850190
297754
166564
265106
4250
329293
244353
917816
39523
314923
489745
714157
324536
601139
212122
456964
140392
217029
26676
63612
948622
818380
31104
165880
482623
937009
339226
479650
876701
32317
8716
319976
60682
132342
735413
212133
227754
515095
936315
541434
321621
153908
225434
536491
476671
777769
966959
615558
706510
155823
701314
393901
563983
240930
841011
863862
6204
934080
918878
530777
656560
844382
741483
41939
603115
142514
812772
609869
817674
414259
103923
957230
477365
341142
425744
926666
57779
383840
148582
250509
267405
415002
2332
325105
759821
620724
795100
53188
980699
112964
627423
916310
750585
51060
794956
18100
353706
465561
322968
250006
533863
81568
191031
240638
940940
232272
61275
520069
609682
454428
202046
556038
478209
120769
911401
85414
491384
410201
565064
330979
55237
810568
289366
511397
723248
770713
295354
264915
982856
201243
252075
159302
134427
732733
23080
224172
878443
595471
673627
768954
555741
835087
536880
96774
852845
382254
485027
368185
90377
234096
822279
74847
458775
472163
313280
369693
276752
377641
259348
645092
724333
350997
369919
687546
638532
729268
709179
297164
631659
100038
986230
707096
148117
317292
396895
173907
282829
220573
477840
985563
713547
270957
694950
961231
76326
591305
759171
754019
241944
869732
535311
71250
688720
22365
538323
850785
970266
857357
353092
838455
88482
679857
394894
439466
305878
673091
341521
156043
429283
54975
906506
72698
577194
403369
393722
496852
55401
685376
202671
301499
501529
123183
514046
462843
466647
513848
149785
64793
152768
923009
767864
917694
388452
302639
831416
834571
18724
751946
971423
535053
269572
437675
477958
634559
20572
383244
834553
772719
636080
854857
152720
36137
774371
669269
49713
566906
434016
23427
936269
770979
332295
403847
880239
160221
827725
166534
707706
555895
345472
895703
511472
37863
331027
605192
132082
669309
30762
359660
223833
213399
613680
302907
344169
733063
832985
963669
218223
646341
386825
774955
966371
899440
474435
675526
941689
978209
905545
691536
23639
184501
458811
193421
97527
708703
262305
664779
324414
330252
645950
811904
484951
317988
996602
476815
580012
864859
121006
18670
641007
766813
337373
147580
377681
573286
722528
590834
642219
689413
549354
56858
685563
68462
723665
537314
404268
435599
517332
127715
872823
605745
442180
839209
78584
748984
345040
259053
889901
362371
579025
696085
730334
794369
733295
311406
158151
377999
366637
871064
988872
410402
402887
740780
656853
891077
706817
841139
502888
293846
610805
816937
578952
823546
764725
747983
842922
452760
243212
114357
105051
191302
348414
992778
573167
646193
483124
725439
350612
497978
414215
981251
282682
941844
993763
969719
773531
920497
845689
364361
693778
23512
119205
378582
166583
739659
982787
168236
756832
734734
604147
284267
421321
777409
399618
812761
832951
176684
52395
236732
675243
418459
871142
313830
514577
636971
941118
360795
954566
953917
95138
941160
362243
130742
250150
120101
237663
65114
699665
759546
313233
581784
539479
295261
971358
180958
830753
58977
179513
254570
739245
128297
427338
605381
783361
381322
163415
631227
933443
543301
925109
903878
318701
218991
390467
123980
746657
64300
735845
423767
235723
911399
674338
105849
462665
437660
900299
316410
107132
754235
375993
386686
970674
561371
407747
815484
3158
305164
261440
383748
475944
997221
207212
993681
405116
109159
597945
529487
584034
734290
455592
299327
36950
842400
776686
786861
833829
774997
554088
862574
847357
104509
252047
822807
12819
25193
982637
948922
473686
504891
553736
952219
681229
430598
9392
443831
343811
169241
496092
454733
836206
660899
999057
728704
109636
307852
147023
594259
68954
536336
645468
191238
616871
337692
202781
235817
358857
982237
564719
474539
684607
464097
286410
469085
312704
685583
867508
147278
42988
47402
619266
252934
325733
271537
479666
912285
53897
836384
283982
18003
543167
212305
738056
659330
583797
633710
742183
447364
692883
905106
402279
943334
279354
155802
44228
19616
305340
843259
623122
423806
663714
601212
588933
894456
277612
975047
96155
599949
820315
705339
131219
201811
635572
307189
96081
720131
400123
28214
890429
199089
503630
360820
127967
939111
327953
736936
86273
821626
7762
718603
371760
231061
429593
134142
185414
128886
63803
875636
440799
914481
289148
97711
296811
902592
256166
339023
312987
498255
189072
202828
344255
336763
92647
434816
786479
333551
53807
226456
947160
152244
728549
945551
718586
513370
855091
793527
20615
210974
614320
576337
684103
810546
989832
91633
71917
390274
695621
719733
380760
524637
83866
652146
741586
742619
591855
930983
406563
584861
463887
887911
11054
815764
763934
728496
831570
128294
431508
491134
563365
65373
968284
496718
763784
443871
771855
649651
342221
808436
521151
230600
499687
686848
621978
344545
14099
861075
890359
551229
647343
928927
339716
828871
329949
37103
304433
528923
835150
558271
80451
73132
43792
847459
478338
951897
412807
555248
977541
468074
264893
974851
676627
543398
323165
209466
274050
925715
206390
897313
356770
41869
40078
565666
599530
331717
252925
318018
201978
531118
574466
917887
455164
848708
393960
357742
739793
444505
134852
366578
429593
313120
845194
629009
491863
927487
12608
236592
931034
846218
406801
82004
972672
621071
49711
138593
976699
538061
817113
197260
948081
430867
597349
25711
981094
433422
912064
876403
276566
209127
891945
880025
673084
224100
799255
460238
51364
840658
63022
219344
758879
165372
123749
274927
405127
742497
854139
232996
377187
146380
849228
278580
100288
449814
156869
254374
58818
723096
711156
66896
972537
134626
400434
646722
983433
281122
634520
25387
19103
691334
887405
977302
268258
616992
684339
483127
1020
197628
778550
377687
921021
275107
593753
969030
629043
325674
175847
876736
258382
844398
654273
199610
26513
508280
747202
844900
932119
21933
441108
370303
28667
499277
414686
239788
133590
312915
179492
899391
823862
905281
654695
498201
731123
619809
904723
589886
801536
61307
909572
980686
897678
127922
817018
537980
26085
647562
388331
838382
755464
706059
990891
187442
852849
436095
604261
982360
3616
803002
713794
192405
182492
38404
166534
343498
225324
565727
365599
930365
76872
659563
752685
416961
38466
67413
948885
25707
76197
962692
552812
194575
821900
149974
677429
567410
456
91818
694543
371591
269057
36994
598746
757879
234852
775027
617109
857874
247354
943069
529361
323968
496143
77530
54573
21627
869039
972144
23944
120202
750241
974643
652985
94092
937685
83747
558054
830016
267125
381552
23434
881934
757048
957108
380023
798692
541440
215540
797962
8996
261884
864817
573931
711386
614891
885442
513797
683675
904435
12299
970876
272783
247472
386608
570903
389675
184478
615623
176329
547836
535753
775164
389864
786551
601682
287751
611454
464418
831748
469669
230998
946273
776039
777102
174801
821175
386871
640257
830729
281893
750482
830928
583269
257468
411526
679890
133282
920376
565015
157164
974982
938770
972623
425221
793858
770803
961445
318870
727484
739601
554503
527640
524257
318243
846646
506921
290425
246864
680666
645925
348520
862666
369471
998369
47688
211078
458194
433579
958803
560476
829953
150428
856257
762044
115802
846314
589029
843173
931126
913280
133709
89664
268546
694045
25015
294842
718045
488680
206786
970738
68363
936976
432029
903920
598623
346780
50680
761272
252511
887260
187483
339165
700669
42819
823976
449432
564603
686046
262543
776788
138965
372461
492781
985750
11805
802200
322629
893115
835386
423421
552128
585961
381786
714119
997366
654601
840121
586085
34357
5275
730756
344107
957000
657419
640430
844704
12938
61150
869551
551838
442046
523710
115929
906772
975411
583508
685586
935338
530078
102271
457110
834842
601143
743102
391475
174790
217298
521722
673875
775624
246078
341323
431295
651516
817957
397109
568840
373580
643665
609183
525434
731313
257364
97489
410260
996772
940132
804509
502504
300514
557428
324230
531089
145043
598139
550381
486898
928297
947891
218687
207511
2130
34654
53533
981080
518148
458783
976542
50606
839233
739132
707488
639331
969225
223461
203910
666606
670023
635846
810554
671017
425444
604947
426647
863779
480553
54532
527201
258919
76071
330894
652335
381408
572944
556936
407096
529387
204722
197997
985989
302322
534487
144549
965159
549332
821959
89365
80612
387830
919608
15485
911926
77037
314499
868518
857699
332782
950254
561436
305622
539893
607724
339006
385658
871623
224347
560787
19537
506130
564924
374704
300142
639846
171100
823877
136756
172340
114221
615754
363500
738263
797670
503310
421283
677565
816923
678629
489167
161760
781597
160083
873572
81723
842569
425773
590891
930534
955680
605307
241719
914649
689844
709684
951594
498121
350397
693586
741272
464070
247947
144535
485013
775595
32103
270409
510662
683073
845036
341657
458122
325143
547609
511508
29823
225786
573946
40524
94691
518567
977687
439768
968579
772741
822099
291379
514664
197500
634840
953585
314908
339671
203057
494170
692819
564012
439557
823325
411533
177431
920888
572311
186024
348905
844764
621285
144321
3673
783382
736068
574879
984665
699950
202914
920802
195503
492613
102376
747848
483512
776091
556980
728800
109347
405921
373749
138129
29086
778231
517687
510049
176395
587506
879204
84726
190944
127518
664121
390432
833039
35523
507832
500860
233378
471385
478971
262596
195844
176059
211676
200793
212805
885329
460176
700780
334794
104773
268064
960412
466947
186925
25758
610912
901684
768259
276123
802882
731246
221270
871456
468478
67473
816792
363478
240948
92848
364054
502354
928777
128839
927675
154813
926845
876053
16235
957951
611272
113235
331042
87074
637327
741893
476613
330263
743169
928772
858958
880169
80653
348622
598113
442900
224941
765962
468660
641668
990335
19073
617291
622746
153786
266918
565631
257259
106691
930989
432040
348252
354065
701398
291040
601285
982864
95820
473798
67926
789503
388687
5856
228710
277283
61698
286785
501381
397481
909704
436249
956337
262304
812029
34350
797329
107356
285349
426185
912714
781505
134528
892342
851340
433206
418559
426165
953857
573425
342703
133240
2991
101912
38132
655625
42830
815789
591916
131462
986922
330068
993594
746952
196558
534987
716416
503141
560072
38131
961880
226207
695611
798508
869763
874995
370565
558941
51530
468718
453305
299386
668134
159213
47119
628656
5227
486280
16643
310293
930398
120970
980566
427805
681442
966886
368175
774673
979709
958359
466565
570018
355623
721057
659876
147167
91644
54407
274428
247643
93818
675919
253681
608548
361561
26476
68998
833720
966613
569767
883824
911676
889378
131000
973310
961098
762906
395004
343010
926287
946934
266937
96992
323305
581217
79576
591900
210574
674937
598170
415837
989693
7107
539720
466309
200051
607050
635061
21372
683662
269049
58921
103787
204575
235413
195647
487981
515603
113393
305374
703357
746831
116395
197369
791223
618346
782955
493731
868981
95625
636069
657683
769781
176956
523893
556785
310815
162665
385071
52386
159935
342506
594735
705944
271920
421233
191068
796341
772579
554885
144853
529493
561419
662946
413616
345004
985192
418347
738115
510969
626153
797835
727142
697971
778534
829896
717909
990688
1175
658258
281994
809998
286602
667350
31367
53184
322655
592033
230404
366843
992470
844641
567079
63587
96103
636922
562482
574140
